>> params.RadialDistortion

ans =

    0.1286   -0.1891

>> params.TangentialDistortion

ans =

     0     0
> params.RotationVectors

ans =

   -0.1281    0.0327    0.0482
   -0.0858   -0.3720    0.0467
   -0.0186   -0.2797   -0.0335
    0.3123   -0.0460    0.0067
    0.3452   -0.0650   -0.0314
    0.1215    0.2876    0.0941
    0.0128    0.2830    0.0913
    0.0519    0.3528    0.1264
>> params.TranslationVectors

ans =

  -80.1609 -130.3248  440.5438
 -113.3904 -112.0783  535.9280
  -97.5395  -95.2518  480.8397
 -131.0998  -76.1571  372.0039
 -123.5833  -64.5307  396.9402
 -134.7527 -156.7881  450.2932
 -156.8667 -136.7361  415.3707
 -142.6464  -96.7056  502.8383

>> params.IntrinsicMatrix

ans =

   1.0e+03 *

    3.1969         0         0
         0    3.1970         0
    2.0662    1.5329    0.0010


>> params.RotationMatrices

ans(:,:,1) =

    0.9983    0.0459   -0.0357
   -0.0501    0.9906   -0.1269
    0.0295    0.1285    0.9913


ans(:,:,2) =

    0.9306    0.0613    0.3609
   -0.0298    0.9953   -0.0923
   -0.3648    0.0752    0.9280


ans(:,:,3) =

    0.9606   -0.0304    0.2763
    0.0356    0.9993   -0.0138
   -0.2756    0.0230    0.9610


ans(:,:,4) =

    0.9989   -0.0005    0.0463
   -0.0137    0.9516    0.3070
   -0.0442   -0.3073    0.9506


ans(:,:,5) =

    0.9974   -0.0419    0.0583
    0.0197    0.9405    0.3391
   -0.0690   -0.3371    0.9389


ans(:,:,6) =

    0.9546    0.1097   -0.2769
   -0.0751    0.9883    0.1328
    0.2882   -0.1060    0.9517


ans(:,:,7) =

    0.9561    0.0917   -0.2783
   -0.0881    0.9958    0.0254
    0.2795    0.0002    0.9602


ans(:,:,8) =

    0.9306    0.1325   -0.3412
   -0.1144    0.9908    0.0728
    0.3477   -0.0287    0.9372